
TileEntity

Entity

New Entity
type = 2 
xpos = -807.250000
ypos = 80.074997
width = 1.500000
height = 1.500000
mass = 1.000000
mobType = 4
