
TileEntity

Entity

New Entity
type = 2 
xpos = -336.250000
ypos = 64.250000
width = 1.500000
height = 1.500000
mass = 1.000000
mobType = 4
