
TileEntity

Entity

New Entity
type = 2 
xpos = -472.750000
ypos = 72.250000
width = 1.500000
height = 1.500000
mass = 1.000000
mobType = 4

New Entity
type = 2 
xpos = -476.250000
ypos = 72.250000
width = 1.500000
height = 1.500000
mass = 1.000000
mobType = 4
