
TileEntity

Entity

New Entity
type = 3 
xpos = -1202.459839
ypos = 62.750000
width = 0.500000
height = 0.500000
mass = 0.750000
itemId = 55
itemTags = 0
itemCount = 2
timeLeft = 4274
