
TileEntity

Entity

New Entity
type = 2 
xpos = -421.812500
ypos = 66.267502
width = 1.625000
height = 1.375000
mass = 1.000000
mobType = 3
