
TileEntity

Entity

New Entity
type = 3 
xpos = -129.466034
ypos = 71.750000
width = 0.500000
height = 0.500000
mass = 0.750000
itemId = 57
itemTags = 0
itemCount = 2
timeLeft = 16629
