
TileEntity

Entity

New Entity
type = 2 
xpos = -671.917542
ypos = 64.150002
width = 1.500000
height = 1.500000
mass = 1.000000
mobType = 4
