
TileEntity

Entity

New Entity
type = 2 
xpos = -1152.717651
ypos = 63.312500
width = 1.625000
height = 1.375000
mass = 1.000000
mobType = 3
