
TileEntity

Entity

New Entity
type = 2 
xpos = 59.410023
ypos = 68.250000
width = 1.500000
height = 1.500000
mass = 1.000000
mobType = 4
